CTYPE1 = 'RA---TAN'
CRPIX1 = 1031.6062
CRVAL1 = 251.1230756
CTYPE2 = 'DEC--TAN'
CRPIX2 = 970.34674
CRVAL2 = 23.7999941
CD1_1 = -2.77777777777778E-05
CD1_2 = 0
CD2_1 = 0
CD2_2 = 2.77777777777778E-05

